F:\yolov4-tf2-master/VOCdevkit/VOC2007/JPEGImages/2321.png 231,52,265,83,1 649,176,662,189,0 426,267,454,302,2
F:\yolov4-tf2-master/VOCdevkit/VOC2007/JPEGImages/2322.png 237,281,270,317,2
F:\yolov4-tf2-master/VOCdevkit/VOC2007/JPEGImages/2323.png 451,803,480,858,1 588,669,624,703,2
F:\yolov4-tf2-master/VOCdevkit/VOC2007/JPEGImages/2324.png 355,777,377,801,0 695,753,726,794,1
F:\yolov4-tf2-master/VOCdevkit/VOC2007/JPEGImages/2325.png 521,751,550,794,1 306,776,323,836,1 679,604,710,641,1 697,640,718,684,1 267,679,310,717,2
F:\yolov4-tf2-master/VOCdevkit/VOC2007/JPEGImages/2326.png 439,217,479,261,1 170,202,194,294,1 156,295,180,367,1 425,477,464,497,1 158,431,189,556,1 747,122,767,145,0 804,262,843,309,1
F:\yolov4-tf2-master/VOCdevkit/VOC2007/JPEGImages/2327.png 205,74,244,99,1 495,65,542,102,1 676,88,702,111,1 213,492,239,517,1 205,292,233,325,1 486,293,526,332,1 471,492,521,521,1 634,355,653,373,0
F:\yolov4-tf2-master/VOCdevkit/VOC2007/JPEGImages/2328.png 246,226,324,278,1 64,244,93,274,1 42,97,75,127,1 539,248,588,275,1 533,106,568,131,1 618,557,642,585,1 560,408,602,443,1 668,480,701,602,1 681,391,715,481,1 687,768,715,858,1 528,754,581,795,1 45,424,74,449,1 51,527,81,576,1
F:\yolov4-tf2-master/VOCdevkit/VOC2007/JPEGImages/2329.png 589,252,625,288,2
F:\yolov4-tf2-master/VOCdevkit/VOC2007/JPEGImages/2330.png 116,105,175,132,1 426,266,458,303,2 456,120,502,155,1
F:\yolov4-tf2-master/VOCdevkit/VOC2007/JPEGImages/2331.png 240,280,272,316,2
F:\yolov4-tf2-master/VOCdevkit/VOC2007/JPEGImages/2332.png 198,594,219,735,1 188,736,212,864,1 486,823,518,853,1 587,667,624,702,2
F:\yolov4-tf2-master/VOCdevkit/VOC2007/JPEGImages/2333.png 56,785,82,843,1 820,681,864,707,1
F:\yolov4-tf2-master/VOCdevkit/VOC2007/JPEGImages/2334.png 507,776,557,808,1 1,694,52,715,1 265,685,309,716,2
F:\yolov4-tf2-master/VOCdevkit/VOC2007/JPEGImages/2335.png 485,210,521,266,1 170,158,199,391,1 438,462,491,514,1
F:\yolov4-tf2-master/VOCdevkit/VOC2007/JPEGImages/2336.png 339,218,389,276,1 372,278,416,315,1 57,231,85,268,1 348,485,394,521,1 383,521,429,568,1 771,438,864,469,1 764,385,815,423,1 812,345,864,385,1 69,449,97,525,1 193,275,222,296,0 219,194,238,217,0
F:\yolov4-tf2-master/VOCdevkit/VOC2007/JPEGImages/2337.png 263,288,300,335,1 290,336,327,392,1 285,477,339,576,1 240,578,285,644,1 197,645,240,697,1 608,284,665,381,1 523,51,625,92,1 286,94,330,136,3 614,548,648,588,1 577,703,631,778,1 594,624,664,703,1
F:\yolov4-tf2-master/VOCdevkit/VOC2007/JPEGImages/2338.png 306,123,356,169,1 309,88,389,126,1 590,254,622,290,2
F:\yolov4-tf2-master/VOCdevkit/VOC2007/JPEGImages/2339.png 421,261,456,301,2
F:\yolov4-tf2-master/VOCdevkit/VOC2007/JPEGImages/2340.png 599,19,637,50,1 612,165,645,188,1 236,277,266,317,2
F:\yolov4-tf2-master/VOCdevkit/VOC2007/JPEGImages/2341.png 230,780,269,827,1 374,789,419,829,1 628,827,649,851,0
F:\yolov4-tf2-master/VOCdevkit/VOC2007/JPEGImages/2342.png 423,747,491,863,1 140,733,164,860,1
F:\yolov4-tf2-master/VOCdevkit/VOC2007/JPEGImages/2343.png 586,788,635,819,1 268,684,307,720,2
F:\yolov4-tf2-master/VOCdevkit/VOC2007/JPEGImages/2344.png 698,292,734,335,1 689,143,729,180,1 377,114,421,160,1 215,107,266,166,1 206,320,263,364,1 382,322,438,370,1 225,618,276,648,1 715,520,735,540,0
F:\yolov4-tf2-master/VOCdevkit/VOC2007/JPEGImages/2345.png 389,136,464,260,1 135,404,196,476,1 92,508,132,558,1 648,534,703,564,1 130,183,163,218,3 420,2,464,38,1
F:\yolov4-tf2-master/VOCdevkit/VOC2007/JPEGImages/2346.png 74,114,123,154,1 81,255,142,289,1 106,391,134,456,1 58,554,125,586,1 386,242,438,303,1 614,559,644,586,1 596,422,631,451,1 616,154,646,182,1 613,38,632,59,1 310,422,358,469,1 302,326,386,405,1 571,261,637,301,1 298,253,315,274,0
F:\yolov4-tf2-master/VOCdevkit/VOC2007/JPEGImages/2347.png 589,252,620,291,2
F:\yolov4-tf2-master/VOCdevkit/VOC2007/JPEGImages/2348.png 120,54,192,140,1 424,267,456,308,2
F:\yolov4-tf2-master/VOCdevkit/VOC2007/JPEGImages/2349.png 293,127,337,154,1 238,282,271,319,2
F:\yolov4-tf2-master/VOCdevkit/VOC2007/JPEGImages/2350.png 581,666,624,704,2 697,802,713,822,0 387,797,415,834,1
F:\yolov4-tf2-master/VOCdevkit/VOC2007/JPEGImages/2351.png 431,758,494,855,1 676,811,706,832,1
F:\yolov4-tf2-master/VOCdevkit/VOC2007/JPEGImages/2352.png 274,685,306,719,2
F:\yolov4-tf2-master/VOCdevkit/VOC2007/JPEGImages/2353.png 228,617,284,646,1 381,536,422,603,1 210,321,254,361,1 394,322,450,369,1 690,289,736,331,1 199,795,235,864,1 218,96,252,143,1 381,114,413,150,1 711,519,738,544,1
F:\yolov4-tf2-master/VOCdevkit/VOC2007/JPEGImages/2354.png 92,501,138,561,1 133,412,193,481,1 393,132,471,256,1 133,177,167,215,3 633,527,709,576,1
F:\yolov4-tf2-master/VOCdevkit/VOC2007/JPEGImages/2355.png 315,561,362,597,1 61,545,148,589,1 102,414,148,457,1 310,430,358,460,1 586,419,640,452,1 398,240,443,335,1 67,112,144,158,1 581,254,629,289,1
F:\yolov4-tf2-master/VOCdevkit/VOC2007/JPEGImages/2356.png 160,1,210,107,1 589,244,623,283,2
F:\yolov4-tf2-master/VOCdevkit/VOC2007/JPEGImages/2357.png 424,260,456,300,2
F:\yolov4-tf2-master/VOCdevkit/VOC2007/JPEGImages/2358.png 627,214,664,313,1 230,269,268,310,2 22,122,41,145,0
F:\yolov4-tf2-master/VOCdevkit/VOC2007/JPEGImages/2359.png 177,736,214,848,1 186,638,227,735,1 589,670,623,702,2
F:\yolov4-tf2-master/VOCdevkit/VOC2007/JPEGImages/2360.png 817,685,864,711,1
F:\yolov4-tf2-master/VOCdevkit/VOC2007/JPEGImages/2361.png 509,780,556,802,1 1,691,54,717,1 266,681,311,717,2
F:\yolov4-tf2-master/VOCdevkit/VOC2007/JPEGImages/2362.png 160,583,213,687,1 441,465,487,515,1 159,499,214,584,1 161,278,198,389,1 163,172,203,278,1 489,208,520,252,1
F:\yolov4-tf2-master/VOCdevkit/VOC2007/JPEGImages/2363.png 339,213,385,270,1 377,271,426,319,1 354,480,402,526,1 389,527,431,569,1 774,439,864,469,1 70,476,106,525,1 58,222,94,267,1 239,174,270,200,0
F:\yolov4-tf2-master/VOCdevkit/VOC2007/JPEGImages/2364.png 261,281,308,332,1 290,333,330,396,1 296,475,342,552,1 254,556,305,617,1 214,620,266,687,1 579,718,642,779,1 599,627,658,718,1 598,291,667,369,1 532,60,630,86,1
F:\yolov4-tf2-master/VOCdevkit/VOC2007/JPEGImages/2365.png 312,80,388,166,1 162,29,201,159,1 773,247,837,277,1 719,261,771,278,1 586,244,625,286,2
F:\yolov4-tf2-master/VOCdevkit/VOC2007/JPEGImages/2366.png 340,102,380,134,3 426,256,455,297,2
F:\yolov4-tf2-master/VOCdevkit/VOC2007/JPEGImages/2367.png 231,270,269,311,2 613,145,646,185,1
F:\yolov4-tf2-master/VOCdevkit/VOC2007/JPEGImages/2368.png 452,806,488,849,1 589,669,624,702,2
F:\yolov4-tf2-master/VOCdevkit/VOC2007/JPEGImages/2370.png 523,755,556,793,1 269,682,307,717,2
F:\yolov4-tf2-master/VOCdevkit/VOC2007/JPEGImages/2371.png 156,582,188,640,1 158,504,180,574,1 159,433,184,502,1 157,286,185,360,1 162,192,197,286,1 420,207,483,261,1 758,474,798,502,1 438,466,480,499,1
F:\yolov4-tf2-master/VOCdevkit/VOC2007/JPEGImages/2372.png 473,490,519,523,1 196,489,243,520,1 206,292,229,327,1 489,74,559,104,1 634,358,656,373,0
F:\yolov4-tf2-master/VOCdevkit/VOC2007/JPEGImages/2373.png 252,225,325,270,1 664,495,702,594,1 679,386,714,496,1 550,409,598,449,1 678,713,715,864,1 233,394,306,460,1 231,590,272,627,3 552,244,581,277,1
F:\yolov4-tf2-master/VOCdevkit/VOC2007/JPEGImages/2374.png 190,279,239,321,1 589,244,623,282,2
F:\yolov4-tf2-master/VOCdevkit/VOC2007/JPEGImages/2375.png 421,258,458,300,2
F:\yolov4-tf2-master/VOCdevkit/VOC2007/JPEGImages/2376.png 236,272,270,310,2 245,183,277,210,3 673,293,704,368,1 684,239,707,292,1
F:\yolov4-tf2-master/VOCdevkit/VOC2007/JPEGImages/2377.png 323,738,358,766,1 593,668,621,702,2
F:\yolov4-tf2-master/VOCdevkit/VOC2007/JPEGImages/2379.png 267,681,310,719,2
F:\yolov4-tf2-master/VOCdevkit/VOC2007/JPEGImages/2380.png 196,144,281,210,1 279,81,357,145,1 287,211,345,259,1 345,169,384,211,1 614,236,673,283,1 289,635,355,697,1
F:\yolov4-tf2-master/VOCdevkit/VOC2007/JPEGImages/2381.png 569,334,610,370,1 573,108,616,164,1 789,505,836,552,1 801,335,839,379,1 10,268,44,305,1 692,546,707,563,0
F:\yolov4-tf2-master/VOCdevkit/VOC2007/JPEGImages/2382.png 314,325,352,412,1 576,60,619,103,1
F:\yolov4-tf2-master/VOCdevkit/VOC2007/JPEGImages/2383.png 283,63,327,107,1 587,244,624,285,2 581,119,602,136,0
F:\yolov4-tf2-master/VOCdevkit/VOC2007/JPEGImages/2384.png 424,259,456,299,2 505,114,546,184,1
F:\yolov4-tf2-master/VOCdevkit/VOC2007/JPEGImages/2385.png 233,273,272,313,2 582,346,640,410,1 597,87,630,169,1
F:\yolov4-tf2-master/VOCdevkit/VOC2007/JPEGImages/2386.png 228,592,281,645,1 215,509,240,536,0 224,772,263,802,1
F:\yolov4-tf2-master/VOCdevkit/VOC2007/JPEGImages/2389.png 755,641,801,672,1 233,314,265,352,1 243,35,270,65,1 244,470,271,519,1 269,634,311,685,1 439,619,478,689,1 601,632,626,658,1 795,769,815,794,3 287,747,303,769,0 434,771,471,846,1
F:\yolov4-tf2-master/VOCdevkit/VOC2007/JPEGImages/2390.png 132,190,195,235,1 354,630,389,682,1 148,642,177,680,1 632,622,680,669,1 295,309,337,335,1
F:\yolov4-tf2-master/VOCdevkit/VOC2007/JPEGImages/2391.png 525,629,592,675,1 324,827,381,860,1
F:\yolov4-tf2-master/VOCdevkit/VOC2007/JPEGImages/2392.png 304,110,332,131,0 461,92,503,145,1
F:\yolov4-tf2-master/VOCdevkit/VOC2007/JPEGImages/2394.png 17,273,37,291,3 309,280,388,319,1 536,11,592,54,1 688,235,739,263,1
F:\yolov4-tf2-master/VOCdevkit/VOC2007/JPEGImages/2395.png 229,660,269,687,1 279,503,298,522,0
F:\yolov4-tf2-master/VOCdevkit/VOC2007/JPEGImages/2397.png 673,617,698,653,1 692,567,714,586,1
F:\yolov4-tf2-master/VOCdevkit/VOC2007/JPEGImages/2398.png 223,153,262,185,1 232,323,259,349,0 257,469,288,497,0 264,654,286,682,0 275,794,297,816,1 464,665,483,685,0 455,774,468,797,0 664,647,692,690,1
F:\yolov4-tf2-master/VOCdevkit/VOC2007/JPEGImages/2399.png 306,283,328,307,1 134,191,201,219,1 500,417,531,446,1 629,445,677,483,1 522,613,572,659,1 154,619,201,644,1 562,822,641,852,1 801,761,830,785,1 383,319,408,345,1
F:\yolov4-tf2-master/VOCdevkit/VOC2007/JPEGImages/2400.png 528,647,607,717,1 376,660,403,703,1 172,657,215,692,1 6,662,45,716,1 181,777,214,851,1 370,812,389,838,1 50,778,73,802,0 688,127,725,156,1 687,315,714,341,1
F:\yolov4-tf2-master/VOCdevkit/VOC2007/JPEGImages/2401.png 324,263,352,285,3 759,166,824,257,1 548,202,584,251,1
F:\yolov4-tf2-master/VOCdevkit/VOC2007/JPEGImages/2403.png 84,152,146,251,1 488,262,623,342,1 693,279,752,327,1 692,210,723,261,1 36,77,74,116,1
F:\yolov4-tf2-master/VOCdevkit/VOC2007/JPEGImages/2409.png 427,729,473,755,1
F:\yolov4-tf2-master/VOCdevkit/VOC2007/JPEGImages/2419.png 473,26,491,40,0
F:\yolov4-tf2-master/VOCdevkit/VOC2007/JPEGImages/2422.png 416,623,520,642,1 241,745,268,767,0
F:\yolov4-tf2-master/VOCdevkit/VOC2007/JPEGImages/2424.png 745,681,773,713,1
F:\yolov4-tf2-master/VOCdevkit/VOC2007/JPEGImages/2425.png 243,328,277,360,1 233,123,266,158,1 266,727,303,777,1 435,654,481,697,1 670,635,740,702,1 760,322,798,352,1 835,385,861,417,1
F:\yolov4-tf2-master/VOCdevkit/VOC2007/JPEGImages/2426.png 404,58,432,127,1 670,184,698,213,1 703,316,736,349,1 767,444,806,482,1 207,622,262,654,1 397,627,439,658,1 428,640,472,679,1 689,627,749,679,1 593,57,639,89,1
F:\yolov4-tf2-master/VOCdevkit/VOC2007/JPEGImages/2427.png 265,49,299,77,1 333,182,376,214,1 489,313,534,376,1 212,682,246,700,1 396,691,431,712,1 396,834,429,853,1 532,818,587,844,1 549,703,622,728,1 750,14,772,41,1 749,351,773,388,1 745,450,781,488,1 739,586,770,632,1
F:\yolov4-tf2-master/VOCdevkit/VOC2007/JPEGImages/2428.png 250,4,277,29,1 702,176,745,234,1
F:\yolov4-tf2-master/VOCdevkit/VOC2007/JPEGImages/2430.png 157,233,206,297,1 355,285,412,314,1 488,288,577,336,1 514,108,563,137,1
F:\yolov4-tf2-master/VOCdevkit/VOC2007/JPEGImages/2431.png 423,789,451,823,1 694,688,745,746,1 724,601,760,683,1
F:\yolov4-tf2-master/VOCdevkit/VOC2007/JPEGImages/2432.png 298,604,331,623,1
F:\yolov4-tf2-master/VOCdevkit/VOC2007/JPEGImages/2433.png 694,546,732,601,1 381,773,412,811,1 685,733,744,792,1
F:\yolov4-tf2-master/VOCdevkit/VOC2007/JPEGImages/2434.png 279,385,313,424,1 235,260,277,303,1 240,130,275,178,1 222,652,242,702,1 215,702,236,761,1 355,684,401,731,1 270,823,306,862,1 373,807,403,861,1 644,682,678,720,1 810,667,836,721,1 646,804,680,855,1 779,777,802,809,1 734,191,769,217,1 764,232,794,252,1 755,64,789,94,1
F:\yolov4-tf2-master/VOCdevkit/VOC2007/JPEGImages/2435.png 169,187,226,216,1 32,321,64,346,1 105,453,142,479,1
F:\yolov4-tf2-master/VOCdevkit/VOC2007/JPEGImages/2436.png 674,283,712,320,1 701,249,737,286,1 631,649,681,684,1 114,317,137,347,1 43,448,72,475,1 212,182,239,212,1 281,52,311,77,1 108,53,147,73,1
F:\yolov4-tf2-master/VOCdevkit/VOC2007/JPEGImages/2437.png 614,154,664,172,1
F:\yolov4-tf2-master/VOCdevkit/VOC2007/JPEGImages/2439.png 371,194,431,235,1 408,146,455,192,1 422,112,461,146,1 568,253,626,297,1 84,178,145,203,1 119,202,165,231,1
F:\yolov4-tf2-master/VOCdevkit/VOC2007/JPEGImages/2440.png 422,798,456,823,1 739,620,761,674,1 692,711,724,744,1 710,673,744,710,1
F:\yolov4-tf2-master/VOCdevkit/VOC2007/JPEGImages/2441.png 298,605,332,620,1
F:\yolov4-tf2-master/VOCdevkit/VOC2007/JPEGImages/2442.png 684,770,714,800,1 710,744,735,769,1 383,779,414,808,1
F:\yolov4-tf2-master/VOCdevkit/VOC2007/JPEGImages/2443.png 280,385,317,425,1 202,467,218,481,0 224,648,239,709,1 211,710,234,785,1 648,686,675,723,1 782,777,799,809,1 811,801,830,864,1 806,669,840,718,1 733,186,770,214,1 757,58,784,94,1 622,64,649,91,1 537,40,561,62,1 770,232,796,255,1
F:\yolov4-tf2-master/VOCdevkit/VOC2007/JPEGImages/2444.png 175,194,218,214,1 35,324,58,345,1 100,449,140,479,1 545,60,581,75,1
F:\yolov4-tf2-master/VOCdevkit/VOC2007/JPEGImages/2445.png 679,280,719,310,1 702,252,735,281,1 208,186,244,213,1 285,51,305,83,1 112,58,148,72,1 111,314,147,345,1 40,446,77,480,1 60,647,82,667,0
F:\yolov4-tf2-master/VOCdevkit/VOC2007/JPEGImages/2446.png 276,219,290,268,1 454,162,474,230,1 386,1,416,38,1 749,6,764,19,0
F:\yolov4-tf2-master/VOCdevkit/VOC2007/JPEGImages/2447.png 233,27,248,41,0 436,96,458,113,0 665,137,701,172,1
F:\yolov4-tf2-master/VOCdevkit/VOC2007/JPEGImages/2448.png 81,177,130,239,1 131,201,153,241,1 165,34,196,85,1 369,165,433,233,1 22,45,48,65,0
F:\yolov4-tf2-master/VOCdevkit/VOC2007/JPEGImages/2449.png 244,749,263,774,0 414,619,456,639,1
F:\yolov4-tf2-master/VOCdevkit/VOC2007/JPEGImages/2451.png 760,685,776,704,0
F:\yolov4-tf2-master/VOCdevkit/VOC2007/JPEGImages/2452.png 637,305,666,325,1 604,183,639,219,1 535,56,562,89,1 241,131,262,152,0 275,730,303,762,1 439,655,483,694,1 678,662,721,695,1 700,632,746,662,1 839,386,856,410,1 766,319,798,352,1 242,330,281,357,1
F:\yolov4-tf2-master/VOCdevkit/VOC2007/JPEGImages/2453.png 213,627,265,655,1 396,627,442,657,1 436,643,466,679,1 695,621,752,667,1 702,312,731,344,1 774,439,806,476,1 671,187,699,215,1 603,48,623,81,1 399,59,429,122,1
F:\yolov4-tf2-master/VOCdevkit/VOC2007/JPEGImages/2454.png 210,674,239,702,1 398,690,429,712,1 185,781,214,795,1 22,803,49,826,1 61,652,76,677,0 541,812,599,846,1 401,837,425,852,1 561,705,591,721,1 748,358,773,386,0 752,452,770,483,0 750,16,769,44,0 344,173,360,211,1 273,39,308,77,1
F:\yolov4-tf2-master/VOCdevkit/VOC2007/JPEGImages/2455.png 265,197,282,236,1 703,123,720,139,1 706,194,733,238,1 719,160,752,194,1 251,7,278,24,1 422,98,440,127,1 505,23,531,50,1
F:\yolov4-tf2-master/VOCdevkit/VOC2007/JPEGImages/2456.png 634,319,664,342,1 281,317,334,344,1
F:\yolov4-tf2-master/VOCdevkit/VOC2007/JPEGImages/2457.png 155,286,184,316,1 356,285,399,314,1 530,110,559,135,1 388,121,426,149,1 181,82,200,99,0 539,306,573,338,1 1,328,29,353,1
F:\yolov4-tf2-master/VOCdevkit/VOC2007/JPEGImages/2472.png 435,734,480,755,1
F:\yolov4-tf2-master/VOCdevkit/VOC2007/JPEGImages/2475.png 488,227,503,244,0
F:\yolov4-tf2-master/VOCdevkit/VOC2007/JPEGImages/2476.png 279,505,300,524,0 249,836,268,853,0
F:\yolov4-tf2-master/VOCdevkit/VOC2007/JPEGImages/2479.png 237,480,251,499,0 235,326,256,347,0 462,660,481,686,0 470,730,489,742,0 268,794,292,815,0 664,648,692,689,1 652,769,683,800,1
F:\yolov4-tf2-master/VOCdevkit/VOC2007/JPEGImages/2480.png 502,423,528,443,1 637,448,677,477,1 527,627,560,658,1 553,611,570,630,1 160,619,192,635,1 563,826,597,844,1 600,835,634,849,1 798,761,818,781,1 302,280,329,306,1 381,323,411,350,1 132,191,198,221,1 7,144,25,169,1
F:\yolov4-tf2-master/VOCdevkit/VOC2007/JPEGImages/2481.png 372,660,396,700,1 172,662,205,690,1 8,666,43,702,1 180,809,206,855,1 526,670,564,702,1 561,650,600,672,1 700,483,724,511,1 681,139,712,160,1 673,127,694,144,1 750,735,764,755,0
F:\yolov4-tf2-master/VOCdevkit/VOC2007/JPEGImages/2482.png 328,266,345,284,3 371,52,387,70,0 425,71,469,116,1 557,210,577,244,1 673,52,689,63,0 690,19,706,33,0 711,16,723,31,0 761,169,806,208,1 781,205,815,244,1
F:\yolov4-tf2-master/VOCdevkit/VOC2007/JPEGImages/2484.png 89,207,125,247,1 107,164,138,209,1 510,69,552,104,1 539,50,569,69,1 698,235,719,262,1 521,279,572,306,1 561,306,608,327,1 716,296,745,323,1 644,64,656,76,0 267,91,282,103,0 293,70,310,86,0
F:\yolov4-tf2-master/VOCdevkit/VOC2007/JPEGImages/2485.png 239,608,276,648,1 219,511,238,534,0 234,777,263,801,0
F:\yolov4-tf2-master/VOCdevkit/VOC2007/JPEGImages/2488.png 228,320,258,352,1 448,632,480,688,1 604,631,630,666,1 756,641,802,677,1 788,770,826,798,3 276,635,314,671,1
F:\yolov4-tf2-master/VOCdevkit/VOC2007/JPEGImages/2489.png 138,192,168,217,1 166,215,189,233,1 299,314,336,333,1 148,641,176,677,1 356,627,389,679,1 633,625,682,668,1 550,761,564,776,0 516,765,529,779,0 544,810,564,827,0
F:\yolov4-tf2-master/VOCdevkit/VOC2007/JPEGImages/2490.png 1,834,47,855,1 318,832,373,852,1 689,41,716,66,1
F:\yolov4-tf2-master/VOCdevkit/VOC2007/JPEGImages/2491.png 455,118,488,138,1 289,2,306,34,1 598,341,610,360,0
F:\yolov4-tf2-master/VOCdevkit/VOC2007/JPEGImages/2493.png 18,271,38,293,3 1,92,32,157,1 548,14,598,45,1 524,163,561,181,1
F:\yolov4-tf2-master/VOCdevkit/VOC2007/JPEGImages/2494.png 219,507,242,536,0 236,780,268,808,1
F:\yolov4-tf2-master/VOCdevkit/VOC2007/JPEGImages/2497.png 248,40,267,67,1 244,170,279,211,1 235,319,260,351,1 245,470,273,509,1 274,637,310,677,1 245,716,258,731,0 290,750,298,767,0 443,625,479,694,1 608,636,624,656,1 606,801,648,832,1 439,796,464,852,1 796,772,815,794,3
F:\yolov4-tf2-master/VOCdevkit/VOC2007/JPEGImages/2498.png 131,189,192,231,1 356,629,389,674,1
F:\yolov4-tf2-master/VOCdevkit/VOC2007/JPEGImages/2499.png 316,826,364,854,1
F:\yolov4-tf2-master/VOCdevkit/VOC2007/JPEGImages/2500.png 464,101,498,136,1 315,205,336,236,1 312,112,328,126,0 466,222,484,237,0 595,345,611,359,0 290,8,308,32,1
F:\yolov4-tf2-master/VOCdevkit/VOC2007/JPEGImages/2502.png 324,292,381,317,1 330,130,369,151,1 1,96,31,153,1 522,161,561,179,1 549,328,597,345,1
F:\yolov4-tf2-master/VOCdevkit/VOC2007/JPEGImages/2503.png 234,661,254,677,1 275,505,296,521,0 248,845,264,859,0
F:\yolov4-tf2-master/VOCdevkit/VOC2007/JPEGImages/2505.png 696,718,716,756,1 693,565,714,586,1
F:\yolov4-tf2-master/VOCdevkit/VOC2007/JPEGImages/2506.png 223,160,258,179,1 234,326,255,347,0 261,472,280,490,0 266,652,284,675,0 276,794,299,813,0 465,664,486,684,0 468,726,489,748,0 454,773,471,791,0 650,656,690,725,1
F:\yolov4-tf2-master/VOCdevkit/VOC2007/JPEGImages/2507.png 509,424,528,443,1 641,452,675,478,1 528,629,560,659,1 156,623,198,636,1 133,187,195,215,1 558,826,634,849,1 369,669,389,681,0
F:\yolov4-tf2-master/VOCdevkit/VOC2007/JPEGImages/2508.png 11,661,48,703,1 174,660,207,690,1 373,657,405,700,1 530,667,579,704,1 568,645,603,675,1 748,734,765,752,0 368,808,389,836,1 186,806,207,852,1
F:\yolov4-tf2-master/VOCdevkit/VOC2007/JPEGImages/2509.png 330,267,348,282,3 371,54,389,72,0
F:\yolov4-tf2-master/VOCdevkit/VOC2007/JPEGImages/2511.png 88,202,135,258,1 120,143,150,197,1 503,269,567,302,1 556,299,614,335,1
F:\yolov4-tf2-master/VOCdevkit/VOC2007/JPEGImages/2512.png 432,720,490,740,1
F:\yolov4-tf2-master/VOCdevkit/VOC2007/JPEGImages/2530.png 420,624,524,642,1 244,749,265,766,0
F:\yolov4-tf2-master/VOCdevkit/VOC2007/JPEGImages/2533.png 234,133,268,151,1 242,331,279,358,1 539,60,562,87,1 601,187,636,217,1 641,302,662,325,1 766,321,800,350,1 273,727,299,766,1 258,605,286,628,1 440,658,482,693,1 674,665,716,692,1 712,632,746,663,1 838,385,858,415,1
F:\yolov4-tf2-master/VOCdevkit/VOC2007/JPEGImages/2534.png 386,625,436,660,1 402,54,427,119,1 708,630,739,660,1 705,317,739,350,1 667,180,695,211,1 770,449,805,478,1
F:\yolov4-tf2-master/VOCdevkit/VOC2007/JPEGImages/2535.png 274,45,299,78,1 335,177,364,208,1 751,359,770,385,0 748,450,770,483,0 743,534,766,553,0 740,584,769,603,0 749,22,769,43,0 180,769,224,795,1 14,802,48,828,1 396,831,429,853,1
F:\yolov4-tf2-master/VOCdevkit/VOC2007/JPEGImages/2536.png 265,192,288,244,1 246,9,276,19,1 425,101,446,134,1 505,26,531,47,0 697,123,723,144,1
F:\yolov4-tf2-master/VOCdevkit/VOC2007/JPEGImages/2537.png 278,325,307,341,1 636,320,658,339,1 206,117,218,128,0
F:\yolov4-tf2-master/VOCdevkit/VOC2007/JPEGImages/2538.png 167,243,196,269,1 15,262,32,286,1 10,105,25,128,1
F:\yolov4-tf2-master/VOCdevkit/VOC2007/JPEGImages/2540.png 298,602,333,623,1
F:\yolov4-tf2-master/VOCdevkit/VOC2007/JPEGImages/2541.png 698,560,726,605,1 686,772,721,800,1 708,738,747,773,1
F:\yolov4-tf2-master/VOCdevkit/VOC2007/JPEGImages/2542.png 239,26,260,49,1 241,128,275,178,1 242,261,272,301,1 280,385,312,422,1 217,655,239,705,1 217,706,239,761,1 357,681,407,719,1 264,820,298,854,1 377,797,400,839,1 378,839,411,864,1 781,776,811,810,1 639,803,679,858,1 642,680,680,719,1 815,699,833,723,1 538,33,557,60,1 625,59,652,93,1 732,185,768,221,1 765,230,793,258,1
F:\yolov4-tf2-master/VOCdevkit/VOC2007/JPEGImages/2544.png 207,183,235,219,1 281,52,312,81,1 111,57,146,72,1 111,319,141,346,1 44,453,71,477,1 682,277,723,315,1 702,250,739,277,1 640,647,681,677,1 89,713,123,754,1
F:\yolov4-tf2-master/VOCdevkit/VOC2007/JPEGImages/2545.png 269,221,292,268,1 455,165,471,223,1 616,156,672,167,1 856,344,864,364,0
F:\yolov4-tf2-master/VOCdevkit/VOC2007/JPEGImages/2546.png 234,28,250,42,0
F:\yolov4-tf2-master/VOCdevkit/VOC2007/JPEGImages/2547.png 89,182,127,207,1 128,209,163,237,1 169,35,193,84,1 220,224,234,243,0 398,172,439,219,1 424,119,457,168,1
F:\yolov4-tf2-master/VOCdevkit/VOC2007/JPEGImages/2548.png 726,618,760,672,1 698,675,741,741,1
F:\yolov4-tf2-master/VOCdevkit/VOC2007/JPEGImages/2549.png 295,605,330,624,1
F:\yolov4-tf2-master/VOCdevkit/VOC2007/JPEGImages/2550.png 700,555,723,598,1 680,735,739,771,1 682,773,714,800,1 135,596,181,622,1
F:\yolov4-tf2-master/VOCdevkit/VOC2007/JPEGImages/2551.png 281,394,313,420,1 238,285,262,304,1 249,130,275,160,1 235,23,262,46,1 646,686,674,720,1 818,678,838,724,1 781,777,803,808,1 813,799,829,864,1 649,807,679,856,1 377,802,401,853,1 731,186,768,219,1 770,229,793,261,1 763,59,785,90,1 627,66,648,90,1 533,41,564,66,1
F:\yolov4-tf2-master/VOCdevkit/VOC2007/JPEGImages/2552.png 106,447,138,480,1 32,319,66,352,1 835,585,850,602,0 126,821,144,839,0
F:\yolov4-tf2-master/VOCdevkit/VOC2007/JPEGImages/2553.png 706,249,735,280,1 673,282,713,316,1 634,641,683,678,1 673,593,734,611,1 103,691,134,751,1 44,444,69,474,1 112,317,152,346,1 213,188,235,210,1 109,50,150,72,1
F:\yolov4-tf2-master/VOCdevkit/VOC2007/JPEGImages/2554.png 454,160,472,231,1 278,213,293,270,1 609,153,655,175,1
F:\yolov4-tf2-master/VOCdevkit/VOC2007/JPEGImages/2555.png 228,25,248,45,0 272,110,289,130,0 701,78,719,100,0 660,136,698,168,1
F:\yolov4-tf2-master/VOCdevkit/VOC2007/JPEGImages/2556.png 90,178,131,210,1 130,211,163,233,1 167,30,196,85,1 592,201,651,221,1 573,272,616,295,1 598,247,631,270,1 639,258,665,274,1 669,140,690,164,1
F:\yolov4-tf2-master/VOCdevkit/VOC2007/JPEGImages/2557.png 418,624,463,642,1 463,626,517,649,1 247,746,263,769,1 418,795,452,825,1
F:\yolov4-tf2-master/VOCdevkit/VOC2007/JPEGImages/2558.png 582,785,610,812,1
F:\yolov4-tf2-master/VOCdevkit/VOC2007/JPEGImages/2559.png 704,690,739,711,1 740,684,768,709,1
F:\yolov4-tf2-master/VOCdevkit/VOC2007/JPEGImages/2560.png 677,663,719,697,1 705,635,740,665,1 631,299,668,329,1 767,321,795,349,1 835,383,864,411,1 602,188,642,227,1 526,56,565,91,1
F:\yolov4-tf2-master/VOCdevkit/VOC2007/JPEGImages/2561.png 406,59,428,123,1 398,627,452,656,1 432,652,452,679,1 705,633,748,678,1 537,590,555,606,0 770,451,805,477,1 699,317,733,345,1 672,183,696,218,1 598,53,622,85,1
F:\yolov4-tf2-master/VOCdevkit/VOC2007/JPEGImages/2562.png 501,317,528,375,1 758,16,770,41,0 751,356,773,384,0 748,452,769,477,0 742,506,771,527,1 750,536,767,555,0 740,586,766,603,1 744,602,768,618,1 741,669,764,683,1 738,686,756,743,1 738,746,761,812,1 739,816,756,859,1 563,699,618,727,1 530,817,585,840,1 401,697,431,710,1 185,778,211,794,1 22,803,46,829,1
F:\yolov4-tf2-master/VOCdevkit/VOC2007/JPEGImages/2563.png 708,193,738,231,1 703,123,722,143,0
F:\yolov4-tf2-master/VOCdevkit/VOC2007/JPEGImages/2564.png 634,319,660,337,0 281,324,307,345,0
F:\yolov4-tf2-master/VOCdevkit/VOC2007/JPEGImages/2565.png 8,102,24,127,1 12,260,31,284,1 165,235,195,278,1 188,82,202,103,0 381,114,429,147,1 356,288,406,310,1 499,291,550,316,1 540,318,576,328,1 739,2,756,47,1 731,51,748,120,1 725,122,753,196,1
F:\yolov4-tf2-master/VOCdevkit/VOC2007/JPEGImages/2572.png 473,25,489,42,0
F:\yolov4-tf2-master/VOCdevkit/VOC2007/JPEGImages/2580.png 435,738,477,751,1
F:\yolov4-tf2-master/VOCdevkit/VOC2007/JPEGImages/2586.png 698,727,714,760,1
F:\yolov4-tf2-master/VOCdevkit/VOC2007/JPEGImages/2587.png 464,663,480,682,0 664,652,694,699,1 264,469,287,493,0 470,731,486,755,0 449,780,472,798,0 265,652,282,682,1
F:\yolov4-tf2-master/VOCdevkit/VOC2007/JPEGImages/2588.png 639,444,674,481,1 503,427,531,447,1 385,321,414,351,1 300,287,332,310,1 134,191,200,219,1 159,619,196,643,1 526,629,559,657,1 562,820,598,846,1 593,834,636,847,1
F:\yolov4-tf2-master/VOCdevkit/VOC2007/JPEGImages/2589.png 688,314,723,335,1 690,136,722,159,1 531,672,569,710,1 566,649,608,673,1 170,659,213,691,1 5,663,48,685,1 6,685,40,708,1 21,787,50,822,1 187,810,217,850,1 370,809,391,853,1 366,669,398,705,1 749,732,765,753,0 699,484,731,512,1
F:\yolov4-tf2-master/VOCdevkit/VOC2007/JPEGImages/2590.png 327,263,352,286,3 722,91,739,119,1
F:\yolov4-tf2-master/VOCdevkit/VOC2007/JPEGImages/2592.png 106,51,124,67,0 131,61,155,87,0 199,111,218,128,0 257,85,281,102,0 296,71,315,85,0 256,342,283,364,0 491,256,554,291,1 555,295,603,335,1 82,140,106,157,0 126,136,146,159,0 72,183,92,219,1 104,178,132,214,1 90,218,117,257,1 62,228,79,244,0
F:\yolov4-tf2-master/VOCdevkit/VOC2007/JPEGImages/2593.png 220,510,247,528,0 239,784,272,809,1
F:\yolov4-tf2-master/VOCdevkit/VOC2007/JPEGImages/2596.png 442,630,473,660,1 452,661,480,685,1 770,647,809,680,1 796,771,818,794,3 596,800,651,841,1
F:\yolov4-tf2-master/VOCdevkit/VOC2007/JPEGImages/2597.png 358,635,385,672,1 150,646,177,677,1 547,751,566,767,0 636,623,674,664,1 131,190,169,214,1 171,217,196,235,1 302,315,336,332,1
F:\yolov4-tf2-master/VOCdevkit/VOC2007/JPEGImages/2598.png 687,609,720,669,1 678,752,726,785,1 748,536,764,554,0 712,242,726,256,0 700,37,714,65,1 2,834,40,852,1
F:\yolov4-tf2-master/VOCdevkit/VOC2007/JPEGImages/2599.png 622,97,643,143,1 462,91,502,117,1
F:\yolov4-tf2-master/VOCdevkit/VOC2007/JPEGImages/2601.png 323,292,377,316,1 511,147,542,177,1 559,327,588,348,1 683,235,736,259,1 689,119,728,149,1 539,16,588,52,1 323,125,353,148,1 1,94,35,151,1 14,272,43,292,3
F:\yolov4-tf2-master/VOCdevkit/VOC2007/JPEGImages/2602.png 218,513,244,532,0 231,781,274,802,1
F:\yolov4-tf2-master/VOCdevkit/VOC2007/JPEGImages/2605.png 245,37,268,72,1 247,174,282,219,1 232,320,259,337,1 441,627,479,669,1 278,637,312,669,1 248,469,273,516,1 759,646,802,677,1 603,638,629,665,1 793,773,818,794,3
F:\yolov4-tf2-master/VOCdevkit/VOC2007/JPEGImages/2606.png 129,191,167,217,1 166,213,195,237,1 357,630,386,675,1 152,643,179,672,1 640,623,674,660,1 533,762,548,778,0 542,813,563,827,0 302,310,331,332,1
F:\yolov4-tf2-master/VOCdevkit/VOC2007/JPEGImages/2607.png 690,604,724,667,1 698,34,714,75,1 682,753,719,789,1 322,828,376,852,1
F:\yolov4-tf2-master/VOCdevkit/VOC2007/JPEGImages/2608.png 469,91,498,136,1 615,95,636,137,1 621,229,660,254,1 590,340,615,360,0
F:\yolov4-tf2-master/VOCdevkit/VOC2007/JPEGImages/2610.png 1,94,40,158,1 14,272,36,294,3 325,132,376,151,1 322,286,381,315,1 548,19,586,44,1 524,162,557,179,1
F:\yolov4-tf2-master/VOCdevkit/VOC2007/JPEGImages/2611.png 231,666,259,678,1 280,505,298,519,0 551,794,589,818,1
F:\yolov4-tf2-master/VOCdevkit/VOC2007/JPEGImages/2613.png 695,570,713,587,1 671,617,692,655,1 698,728,715,759,1
F:\yolov4-tf2-master/VOCdevkit/VOC2007/JPEGImages/2614.png 235,327,254,346,0 263,469,286,490,0 267,652,290,677,0 463,663,483,680,0 448,776,474,797,1 667,648,692,679,1 654,770,684,798,1
F:\yolov4-tf2-master/VOCdevkit/VOC2007/JPEGImages/2615.png 302,283,331,309,1 139,194,198,219,1 159,621,189,640,1 527,627,559,658,1 503,426,530,444,1 635,454,672,479,1 559,821,592,845,1 598,833,633,853,1
F:\yolov4-tf2-master/VOCdevkit/VOC2007/JPEGImages/2616.png 5,664,43,706,1 170,661,206,689,1 676,127,695,146,1 687,140,715,155,1 688,313,714,338,1 744,733,772,753,0 527,666,586,699,1 572,650,605,670,1 376,659,407,704,1 370,815,392,844,1
F:\yolov4-tf2-master/VOCdevkit/VOC2007/JPEGImages/2617.png 327,262,348,285,3 720,93,740,119,1
F:\yolov4-tf2-master/VOCdevkit/VOC2007/JPEGImages/2619.png 501,269,553,295,1 550,296,599,327,1 254,343,275,362,0 129,140,151,164,0 93,176,134,231,1
F:\yolov4-tf2-master/VOCdevkit/VOC2007/JPEGImages/2625.png 432,732,477,752,1
F:\yolov4-tf2-master/VOCdevkit/VOC2007/JPEGImages/2635.png 469,21,489,43,0
F:\yolov4-tf2-master/VOCdevkit/VOC2007/JPEGImages/2636.png 416,120,435,144,0
F:\yolov4-tf2-master/VOCdevkit/VOC2007/JPEGImages/2638.png 245,748,262,771,0 422,623,516,643,1 421,791,453,824,1 441,658,468,682,0
F:\yolov4-tf2-master/VOCdevkit/VOC2007/JPEGImages/2640.png 696,685,772,710,1
F:\yolov4-tf2-master/VOCdevkit/VOC2007/JPEGImages/2641.png 242,328,275,357,1 235,132,271,151,1 597,188,636,219,1 628,298,667,332,1 679,659,715,694,1 716,618,750,664,1 437,657,490,692,1 268,727,308,768,1 754,320,804,351,1 832,377,861,412,1 532,57,560,91,1
F:\yolov4-tf2-master/VOCdevkit/VOC2007/JPEGImages/2642.png 208,629,266,653,1 393,628,437,660,1 435,639,468,677,1 690,620,735,655,1 772,447,805,477,1 706,318,737,348,1 670,188,698,216,1 402,59,429,120,1
F:\yolov4-tf2-master/VOCdevkit/VOC2007/JPEGImages/2643.png 339,185,362,212,1 273,51,306,82,1 393,689,429,715,1 183,780,214,799,1 389,836,426,853,1 557,705,589,725,1 503,314,533,379,1 755,14,769,38,0 750,350,768,384,0 754,511,775,536,0 742,589,770,605,1 737,607,773,621,1 535,819,584,851,1 17,804,42,835,1 54,657,92,681,1 214,680,243,702,1
F:\yolov4-tf2-master/VOCdevkit/VOC2007/JPEGImages/2644.png 704,191,733,237,1 704,120,718,143,1 424,92,443,123,1 243,7,278,22,1
F:\yolov4-tf2-master/VOCdevkit/VOC2007/JPEGImages/2645.png 275,322,312,347,1 192,114,223,129,1 637,319,662,340,1
F:\yolov4-tf2-master/VOCdevkit/VOC2007/JPEGImages/2646.png 381,122,424,144,1 526,110,571,136,1 524,306,575,331,1 355,285,382,303,1 165,239,192,264,1 12,258,37,285,1 7,100,25,126,1 175,77,206,94,1
F:\yolov4-tf2-master/VOCdevkit/VOC2007/JPEGImages/2647.png 423,785,460,823,1 696,701,731,740,1 720,657,749,702,1 242,665,268,757,1
F:\yolov4-tf2-master/VOCdevkit/VOC2007/JPEGImages/2648.png 298,601,332,624,1
F:\yolov4-tf2-master/VOCdevkit/VOC2007/JPEGImages/2649.png 702,559,731,598,1 686,768,724,802,1 709,741,746,770,1 136,598,199,623,1 383,785,415,814,1
F:\yolov4-tf2-master/VOCdevkit/VOC2007/JPEGImages/2650.png 277,385,321,422,1 235,275,258,302,1 243,132,273,174,1 234,20,259,49,1 623,68,651,89,1 534,39,569,67,1 755,65,791,94,1 732,189,767,219,1 768,227,798,255,1 642,685,673,722,1 816,673,840,720,1 783,770,802,810,1 368,795,413,859,1 219,655,239,781,1
F:\yolov4-tf2-master/VOCdevkit/VOC2007/JPEGImages/2651.png 182,192,227,216,1 102,446,147,485,1 28,319,67,349,1 246,586,313,603,0
F:\yolov4-tf2-master/VOCdevkit/VOC2007/JPEGImages/2652.png 674,283,716,314,1 703,248,735,286,1 205,182,241,219,1 282,47,307,81,1 112,49,162,72,0 115,311,148,350,1 44,439,81,476,1 57,644,79,667,0 632,639,690,682,1
F:\yolov4-tf2-master/VOCdevkit/VOC2007/JPEGImages/2653.png 272,218,295,269,1 456,160,477,234,1 614,152,674,174,1
F:\yolov4-tf2-master/VOCdevkit/VOC2007/JPEGImages/2655.png 86,184,131,209,1 117,209,165,229,1 171,34,191,85,1 383,181,432,228,1 418,118,455,179,1 583,236,629,287,1 222,224,238,242,0 29,51,41,69,0 5,40,22,60,0
F:\yolov4-tf2-master/VOCdevkit/VOC2007/JPEGImages/2656.png 700,690,736,738,1 730,631,760,685,1
F:\yolov4-tf2-master/VOCdevkit/VOC2007/JPEGImages/2657.png 298,603,331,624,1
F:\yolov4-tf2-master/VOCdevkit/VOC2007/JPEGImages/2658.png 698,557,726,604,1 681,744,735,797,1 378,782,410,812,1 139,602,205,623,1
F:\yolov4-tf2-master/VOCdevkit/VOC2007/JPEGImages/2659.png 279,384,321,422,1 234,265,267,305,1 245,127,274,172,1 235,24,253,43,1 535,36,565,67,1 760,59,788,90,1 621,63,654,94,1 729,184,761,219,1 759,230,796,252,1 651,683,676,720,1 814,659,837,726,1 771,773,807,805,1 640,811,681,858,1 811,808,835,861,1 219,652,239,797,1 363,684,411,712,1
F:\yolov4-tf2-master/VOCdevkit/VOC2007/JPEGImages/2660.png 187,184,230,218,1 547,48,578,80,1 97,447,141,478,1 34,320,68,349,1
F:\yolov4-tf2-master/VOCdevkit/VOC2007/JPEGImages/2661.png 632,644,686,679,1 705,247,742,283,1 671,285,709,319,1 114,314,140,347,1 209,177,239,211,1 284,49,314,81,1 114,53,145,69,1
F:\yolov4-tf2-master/VOCdevkit/VOC2007/JPEGImages/2662.png 268,215,295,265,1 613,152,672,171,1
F:\yolov4-tf2-master/VOCdevkit/VOC2007/JPEGImages/2663.png 251,79,263,94,0 231,19,255,39,0 268,110,290,127,0 437,94,461,110,0 354,95,373,111,0 660,137,701,169,1
F:\yolov4-tf2-master/VOCdevkit/VOC2007/JPEGImages/2664.png 85,181,125,207,1 112,210,164,235,1 221,227,236,239,0 26,53,42,65,0 5,44,20,59,0 362,201,416,231,1 406,152,441,197,1 166,39,189,83,1 672,138,691,154,0
F:\yolov4-tf2-master/VOCdevkit/VOC2007/JPEGImages/2665.png 418,625,531,644,1 421,795,452,821,1 242,749,273,770,1
F:\yolov4-tf2-master/VOCdevkit/VOC2007/JPEGImages/2667.png 693,688,768,714,1
F:\yolov4-tf2-master/VOCdevkit/VOC2007/JPEGImages/2668.png 432,655,480,694,1 675,661,735,692,1 697,637,748,663,1 625,302,662,327,1 760,313,794,351,1 829,385,859,410,1 595,187,636,220,1 533,60,567,95,1 245,327,275,357,1 235,127,262,148,1
F:\yolov4-tf2-master/VOCdevkit/VOC2007/JPEGImages/2669.png 405,57,431,121,1 208,631,269,652,1 398,618,441,652,1 769,448,806,477,1 703,312,742,347,1 665,185,698,212,1 706,621,737,659,1
F:\yolov4-tf2-master/VOCdevkit/VOC2007/JPEGImages/2670.png 334,183,363,212,1 274,48,300,82,1 211,673,241,702,1 189,777,217,794,1 565,702,613,727,1 739,606,768,621,1 741,583,765,602,1 736,498,773,516,1 745,537,765,555,1 750,355,777,389,0 494,318,538,378,1 753,22,771,44,0 750,451,777,485,0 740,664,767,688,1 534,817,581,845,1 401,829,431,855,1 402,693,438,716,1
F:\yolov4-tf2-master/VOCdevkit/VOC2007/JPEGImages/2671.png 707,175,743,237,1 694,119,722,137,1 249,8,273,22,1
F:\yolov4-tf2-master/VOCdevkit/VOC2007/JPEGImages/2672.png 280,315,307,342,1 629,319,662,340,1 191,109,218,133,1
F:\yolov4-tf2-master/VOCdevkit/VOC2007/JPEGImages/2673.png 8,106,29,128,1 13,263,38,286,1 168,240,198,280,1 355,286,403,311,1 377,110,431,150,1 173,80,208,95,1 522,112,558,130,1 731,47,752,157,1
F:\yolov4-tf2-master/VOCdevkit/VOC2007/JPEGImages/2681.png 416,122,431,136,0
F:\yolov4-tf2-master/VOCdevkit/VOC2007/JPEGImages/2692.png 280,504,300,522,0
F:\yolov4-tf2-master/VOCdevkit/VOC2007/JPEGImages/2694.png 696,566,716,588,1 696,724,714,764,1
F:\yolov4-tf2-master/VOCdevkit/VOC2007/JPEGImages/2695.png 258,476,276,493,1 226,157,260,178,1 268,650,290,678,1 273,795,296,810,1 459,660,481,686,1 455,771,478,791,1 466,723,490,742,0 654,645,695,684,1 647,686,690,720,1 236,325,260,345,0
F:\yolov4-tf2-master/VOCdevkit/VOC2007/JPEGImages/2696.png 153,619,191,640,1 521,632,560,657,1 363,791,391,817,3 563,820,593,844,1 595,831,636,850,1 499,421,535,444,1 630,450,672,477,1 301,287,336,309,1 131,185,206,218,1
F:\yolov4-tf2-master/VOCdevkit/VOC2007/JPEGImages/2697.png 8,667,47,700,1 6,700,33,722,1 163,653,217,687,1 688,308,741,342,1 527,674,574,708,1 556,648,615,675,1 369,659,399,705,1 748,737,766,757,0
F:\yolov4-tf2-master/VOCdevkit/VOC2007/JPEGImages/2698.png 329,265,344,281,0 764,169,806,205,1 783,209,814,252,1 725,91,743,114,1 689,15,704,32,0
F:\yolov4-tf2-master/VOCdevkit/VOC2007/JPEGImages/2699.png 464,142,481,155,0
F:\yolov4-tf2-master/VOCdevkit/VOC2007/JPEGImages/2700.png 91,148,141,228,1 81,231,106,305,1 71,301,106,360,1 73,192,89,231,1 53,243,78,294,1 1,269,35,315,1 481,240,526,272,1 698,216,727,277,1 641,61,696,124,1 719,298,751,325,1 562,298,623,338,1 253,346,281,372,0
F:\yolov4-tf2-master/VOCdevkit/VOC2007/JPEGImages/2701.png 231,602,279,647,1 233,781,282,810,1
F:\yolov4-tf2-master/VOCdevkit/VOC2007/JPEGImages/2702.png 837,575,864,609,1
F:\yolov4-tf2-master/VOCdevkit/VOC2007/JPEGImages/2704.png 232,315,269,350,1 242,37,271,69,1 265,635,316,689,1 245,473,280,519,1 435,787,466,852,1 429,610,475,678,1 598,627,631,664,1 589,794,655,840,1 760,642,809,677,1 795,772,818,794,3
F:\yolov4-tf2-master/VOCdevkit/VOC2007/JPEGImages/2705.png 133,192,196,231,1 356,624,388,673,1 156,639,181,674,1 461,761,487,782,0 503,746,531,763,0 559,743,575,760,0 631,624,676,670,1 290,308,333,327,1
F:\yolov4-tf2-master/VOCdevkit/VOC2007/JPEGImages/2706.png 545,632,606,673,1 681,752,726,786,1
F:\yolov4-tf2-master/VOCdevkit/VOC2007/JPEGImages/2707.png 613,227,660,249,1 308,205,336,234,1 589,342,616,360,0 779,1,835,17,1 604,90,642,143,1
F:\yolov4-tf2-master/VOCdevkit/VOC2007/JPEGImages/2708.png 493,40,503,53,0
F:\yolov4-tf2-master/VOCdevkit/VOC2007/JPEGImages/2709.png 321,286,383,319,1 1,95,33,159,1 13,269,42,294,1 317,124,383,149,1 673,94,728,145,1
F:\yolov4-tf2-master/VOCdevkit/VOC2007/JPEGImages/2710.png 519,511,564,571,1 701,602,762,639,0 431,660,457,674,0 114,608,132,669,1 34,766,84,793,1 34,736,88,760,1 32,846,46,864,1 720,718,779,754,1 739,755,783,786,1 813,745,864,799,1 696,662,716,685,1
F:\yolov4-tf2-master/VOCdevkit/VOC2007/JPEGImages/2711.png 46,633,94,679,2 461,791,485,844,1 444,551,521,575,1 8,731,54,788,1 52,710,98,765,1 87,705,148,754,1
F:\yolov4-tf2-master/VOCdevkit/VOC2007/JPEGImages/2712.png 828,733,849,755,1 42,806,71,828,1
F:\yolov4-tf2-master/VOCdevkit/VOC2007/JPEGImages/2713.png 320,410,353,469,1 310,471,348,530,1 38,356,73,433,1 28,435,68,504,1 47,60,74,112,1 29,2,56,58,1 421,34,448,60,1 477,37,545,69,1 541,46,606,82,1 505,101,525,129,1 442,210,481,234,1 506,369,542,389,1 756,437,816,469,1 800,469,826,483,1 853,616,864,646,1
F:\yolov4-tf2-master/VOCdevkit/VOC2007/JPEGImages/2714.png 15,576,48,598,1 1,611,13,633,1 7,219,51,269,1 218,174,272,207,1 371,244,406,279,1 248,560,287,610,1 514,588,542,621,1 684,382,752,402,1 682,127,723,164,1
F:\yolov4-tf2-master/VOCdevkit/VOC2007/JPEGImages/2715.png 88,59,158,85,1 189,313,216,360,1 66,486,95,514,1 57,599,91,637,1 268,435,305,489,1 305,428,340,473,1 407,458,439,500,1 661,437,734,489,1 665,495,729,527,1 668,529,724,560,1 766,287,792,352,1 598,96,687,141,1 435,29,477,57,1 428,175,464,202,0 793,724,823,781,0 29,273,45,290,0
F:\yolov4-tf2-master/VOCdevkit/VOC2007/JPEGImages/2716.png 91,131,118,167,1 123,99,148,152,1 233,102,281,144,1 458,119,480,139,0 491,127,509,147,0 516,127,571,151,1 517,194,536,210,1 550,194,573,216,1 92,406,137,444,1 131,403,178,439,1 800,359,860,388,1 839,158,864,210,1 574,297,614,309,1
F:\yolov4-tf2-master/VOCdevkit/VOC2007/JPEGImages/2717.png 588,369,645,403,1 647,368,698,394,1 556,113,619,144,1 541,160,582,205,1 802,64,816,78,0 348,124,383,144,0 187,112,209,132,0 225,302,245,318,0 400,86,426,109,0 485,187,499,203,0 301,82,340,126,1
F:\yolov4-tf2-master/VOCdevkit/VOC2007/JPEGImages/2718.png 100,122,125,159,1 60,152,80,176,0 475,212,497,249,1 613,107,652,136,1 649,106,701,142,1 794,104,829,126,1 758,264,809,297,1
F:\yolov4-tf2-master/VOCdevkit/VOC2007/JPEGImages/2719.png 224,500,267,538,1 148,570,195,610,1 424,714,456,780,1 603,843,641,864,1 584,718,609,744,0
F:\yolov4-tf2-master/VOCdevkit/VOC2007/JPEGImages/2720.png 451,561,471,584,0 48,627,91,678,2 398,827,421,864,1 105,677,123,723,1 17,628,38,681,1
F:\yolov4-tf2-master/VOCdevkit/VOC2007/JPEGImages/2721.png 345,644,381,688,2 614,519,639,588,1 653,565,701,620,1 601,804,639,855,1 63,784,110,812,1
F:\yolov4-tf2-master/VOCdevkit/VOC2007/JPEGImages/2722.png 475,519,498,546,1 436,254,464,289,1 298,145,328,185,1 310,111,334,145,1 473,3,502,15,1 603,1,633,38,1 164,792,176,817,1 198,735,231,755,0 204,655,237,672,1
F:\yolov4-tf2-master/VOCdevkit/VOC2007/JPEGImages/2723.png 153,406,180,460,1 34,222,81,286,1 1,266,33,288,1 468,95,509,142,1 459,140,491,190,1 491,440,536,476,1 676,339,702,376,1 709,435,741,452,0 748,462,777,485,1 807,75,822,94,0 695,747,722,773,1 449,633,484,665,1 265,684,283,702,0 81,537,103,561,0 79,496,101,522,0 29,551,41,568,0 45,535,65,554,0 432,232,452,255,0
F:\yolov4-tf2-master/VOCdevkit/VOC2007/JPEGImages/2724.png 248,186,287,231,1 56,16,87,66,1 411,103,433,165,1 446,57,456,68,1 463,19,473,33,0 514,265,556,297,1 455,482,475,505,1 210,519,234,588,1 263,352,278,375,0 448,538,465,552,0 346,605,370,623,0 81,719,96,738,0
F:\yolov4-tf2-master/VOCdevkit/VOC2007/JPEGImages/2725.png 312,193,330,210,0 444,295,465,314,0 617,260,633,277,0 327,119,374,167,1 767,167,811,203,1 761,204,805,239,1 773,335,798,359,1 599,302,623,317,2 71,382,110,445,1
F:\yolov4-tf2-master/VOCdevkit/VOC2007/JPEGImages/2726.png 326,68,360,110,1 293,110,336,140,1 287,51,302,67,0 723,114,748,230,1 706,276,726,294,1 735,272,749,296,1 819,129,855,169,1 599,162,643,216,1
F:\yolov4-tf2-master/VOCdevkit/VOC2007/JPEGImages/2727.png 448,300,514,345,2 376,169,398,257,1 187,89,206,116,1 163,119,189,188,1 110,277,127,304,1 737,360,776,497,1 480,240,525,286,1 396,298,424,342,1
F:\yolov4-tf2-master/VOCdevkit/VOC2007/JPEGImages/2728.png 614,525,664,591,1 56,609,98,630,1 346,795,394,847,1
F:\yolov4-tf2-master/VOCdevkit/VOC2007/JPEGImages/2729.png 226,519,253,552,1 364,530,391,557,1 418,525,460,554,1 331,530,364,563,1 781,525,864,554,1
F:\yolov4-tf2-master/VOCdevkit/VOC2007/JPEGImages/2730.png 283,564,316,592,1 178,532,223,576,1 330,536,412,561,1 409,540,486,567,1 684,549,719,614,1 408,815,431,836,0 482,847,494,864,1
F:\yolov4-tf2-master/VOCdevkit/VOC2007/JPEGImages/2731.png 214,344,265,383,1 496,105,529,160,1 25,108,80,130,1 28,277,56,306,1 32,521,92,556,1 34,319,85,341,1 763,279,788,341,1 815,274,861,304,1 849,164,864,194,1 390,467,440,524,1 488,771,532,809,1 829,467,859,494,1 385,111,407,137,1
F:\yolov4-tf2-master/VOCdevkit/VOC2007/JPEGImages/2732.png 61,393,94,426,1 24,221,59,252,1 1,185,25,219,1 29,61,59,96,1 1,25,29,63,1 400,12,448,37,1 254,213,270,228,0 200,267,220,289,0 406,393,434,419,1 616,109,639,130,0 578,217,614,252,1 561,502,631,552,1 369,611,431,635,1 419,578,467,609,1 663,616,732,652,1 727,352,751,372,0 726,318,743,336,0
F:\yolov4-tf2-master/VOCdevkit/VOC2007/JPEGImages/2733.png 162,15,211,73,1 114,215,136,232,1 223,205,245,223,1 87,363,118,388,1 174,322,205,347,1 372,595,404,639,1 430,550,448,574,1 456,549,480,572,1 516,536,539,573,1 554,291,588,350,1 360,185,402,232,1 322,136,359,208,1 360,161,381,184,1 681,402,715,468,1 578,494,614,529,1 626,493,660,541,1 630,562,652,591,1 761,593,786,622,1 14,260,40,278,1
F:\yolov4-tf2-master/VOCdevkit/VOC2007/JPEGImages/2734.png 220,146,271,210,1 466,271,493,315,1 486,182,532,217,1 513,119,546,171,1 613,95,656,147,1 630,144,681,204,1 561,262,585,277,0 337,213,348,231,0 313,119,333,140,1
F:\yolov4-tf2-master/VOCdevkit/VOC2007/JPEGImages/2735.png 218,151,245,192,1 560,93,594,135,1 566,136,598,181,1 791,84,837,127,1
F:\yolov4-tf2-master/VOCdevkit/VOC2007/JPEGImages/2736.png 261,173,298,217,1 261,136,298,173,1 170,353,214,414,1 434,224,449,238,0 790,85,823,133,1
F:\yolov4-tf2-master/VOCdevkit/VOC2007/JPEGImages/2737.png 242,505,294,553,1
F:\yolov4-tf2-master/VOCdevkit/VOC2007/JPEGImages/2738.png 485,776,533,864,1
F:\yolov4-tf2-master/VOCdevkit/VOC2007/JPEGImages/2739.png 656,547,685,583,1 610,547,627,569,1 698,534,721,601,1 381,833,431,864,1 338,644,387,687,2
F:\yolov4-tf2-master/VOCdevkit/VOC2007/JPEGImages/2740.png 285,226,340,310,1 26,702,62,761,1 805,94,864,152,1 806,52,864,96,1 586,346,646,437,1 649,336,683,439,1 714,355,765,445,1 711,306,759,363,1 761,338,813,425,1
F:\yolov4-tf2-master/VOCdevkit/VOC2007/JPEGImages/2741.png 537,353,613,425,1 542,300,611,353,1 299,248,342,314,1
F:\yolov4-tf2-master/VOCdevkit/VOC2007/JPEGImages/2742.png 143,1,159,61,1 407,1,480,59,1 521,26,558,97,1 519,98,558,165,1 679,452,734,488,1 681,225,706,253,0 251,460,285,543,1 218,311,245,351,1 248,194,274,217,1 688,742,764,785,1 71,469,91,484,0
F:\yolov4-tf2-master/VOCdevkit/VOC2007/JPEGImages/2743.png 435,207,456,226,0 386,169,411,189,0 28,85,60,153,1 72,367,120,429,1
F:\yolov4-tf2-master/VOCdevkit/VOC2007/JPEGImages/2744.png 192,223,223,250,1 543,302,576,326,1 353,160,385,216,1 350,68,381,153,1 233,97,251,122,1 141,8,158,21,0 311,27,331,39,0
F:\yolov4-tf2-master/VOCdevkit/VOC2007/JPEGImages/2745.png 762,359,806,436,1 762,298,816,362,1 314,385,361,419,1 313,350,363,387,1 285,280,302,298,1
F:\yolov4-tf2-master/VOCdevkit/VOC2007/JPEGImages/2746.png 190,573,215,627,3 165,632,193,677,3 164,603,192,636,3 388,777,422,818,1 371,819,406,854,1 431,796,466,827,1 146,684,172,726,3 127,733,154,774,3 119,776,139,832,3 111,833,128,864,3 148,785,185,818,1 168,821,218,864,1
F:\yolov4-tf2-master/VOCdevkit/VOC2007/JPEGImages/2747.png 480,785,517,824,3 478,827,504,864,3 797,845,821,864,3
F:\yolov4-tf2-master/VOCdevkit/VOC2007/JPEGImages/2748.png 149,563,189,608,3 116,539,151,613,3 378,636,394,662,3 335,627,369,651,1 717,516,752,560,3 398,685,443,737,3 421,739,461,787,3 433,788,474,832,3 439,833,485,864,3 224,844,277,864,1
F:\yolov4-tf2-master/VOCdevkit/VOC2007/JPEGImages/2749.png 420,541,462,572,1 654,377,694,411,1 677,410,722,450,1 66,456,98,557,3 64,373,97,459,3 65,268,90,371,3 62,205,93,267,3 63,114,106,203,3 83,1,123,116,3 188,2,260,55,1 233,56,280,108,1 381,247,424,302,1 531,205,567,240,1 541,164,581,205,1 615,150,658,176,1 679,55,731,94,1 739,42,775,97,1 776,31,801,103,1
F:\yolov4-tf2-master/VOCdevkit/VOC2007/JPEGImages/2750.png 28,194,77,239,1 114,32,145,71,1 361,63,385,92,1 261,340,301,372,1 275,309,318,342,1 456,586,507,610,1 387,716,426,749,1 415,752,467,776,1 442,776,492,790,1 669,497,711,540,1 609,292,639,342,1 782,237,823,261,1 795,202,823,239,1 769,28,806,63,1 781,1,824,28,1
F:\yolov4-tf2-master/VOCdevkit/VOC2007/JPEGImages/2751.png 27,220,80,250,1 46,188,58,208,0 59,209,75,221,0 177,292,222,316,1 203,317,226,359,1 280,809,325,827,1 324,807,364,833,1 617,612,681,647,1 510,446,541,493,1 388,505,450,610,3 440,425,484,508,3 459,312,494,425,3 472,222,500,311,3 480,128,495,219,3 471,68,489,131,3 457,1,481,67,3 498,137,535,192,1 530,72,564,136,1 549,22,577,74,1 673,62,712,105,3 712,37,745,77,3 742,2,790,54,3 779,51,832,101,3 571,212,597,247,1 431,176,448,187,0 709,261,781,316,3 723,318,787,372,3 706,327,723,352,1 705,385,753,428,3 759,372,792,422,3 707,428,753,473,3 754,425,796,472,3 798,412,821,436,3 728,472,790,501,3 727,531,809,576,3 88,800,102,814,0 164,834,179,846,0 193,1,231,19,1
F:\yolov4-tf2-master/VOCdevkit/VOC2007/JPEGImages/2752.png 99,389,148,436,3 74,360,117,405,3 79,300,149,354,3 516,162,539,230,3 516,96,552,161,3 761,180,784,242,3 762,130,790,178,3
F:\yolov4-tf2-master/VOCdevkit/VOC2007/JPEGImages/2753.png 44,117,66,128,0 77,96,111,122,1 103,141,145,176,1 145,125,181,154,1 482,101,514,119,1 485,46,508,94,1 747,144,807,172,1 806,145,854,177,1 611,186,631,208,1 530,401,611,426,1
F:\yolov4-tf2-master/VOCdevkit/VOC2007/JPEGImages/2754.png 344,185,375,214,1 344,155,364,187,1 622,134,642,174,1 689,140,714,194,1 695,194,720,250,1 48,265,72,293,1 49,361,109,397,1 87,309,174,328,1 456,303,491,342,2 629,462,653,499,3
F:\yolov4-tf2-master/VOCdevkit/VOC2007/JPEGImages/2755.png 403,525,419,541,0 409,828,443,852,0 497,617,520,632,0
F:\yolov4-tf2-master/VOCdevkit/VOC2007/JPEGImages/2756.png 17,774,39,802,0 157,774,188,804,1 483,764,513,805,1 826,720,864,777,1
F:\yolov4-tf2-master/VOCdevkit/VOC2007/JPEGImages/2757.png 21,677,45,692,1 309,705,324,719,0 148,709,163,727,1 239,781,273,812,1 742,668,770,714,1 712,561,760,602,1 695,556,714,589,1 634,517,668,543,1 510,633,528,652,0
F:\yolov4-tf2-master/VOCdevkit/VOC2007/JPEGImages/2758.png 370,236,388,264,1 419,255,438,283,1 354,153,396,183,1 396,129,418,154,1 414,110,441,127,1 715,214,739,243,3
F:\yolov4-tf2-master/VOCdevkit/VOC2007/JPEGImages/2759.png 441,593,467,629,1 760,599,790,636,3 286,32,305,45,3 431,330,444,347,0 644,221,673,260,1
F:\yolov4-tf2-master/VOCdevkit/VOC2007/JPEGImages/2760.png 69,164,89,187,1 199,563,222,595,1 700,698,726,722,1 538,346,549,364,0 576,149,600,198,1 601,177,618,215,1 471,12,487,27,0 183,409,200,427,0 14,464,27,478,0 702,479,754,508,1 701,444,742,482,1
F:\yolov4-tf2-master/VOCdevkit/VOC2007/JPEGImages/2761.png 73,352,134,394,1 31,140,90,161,1 320,252,352,274,1 568,78,618,105,1 571,106,604,135,1 422,180,462,203,0 711,300,739,314,0
F:\yolov4-tf2-master/VOCdevkit/VOC2007/JPEGImages/2762.png 80,191,136,219,1 138,169,192,193,1 228,144,261,171,1 200,165,223,204,1 299,191,336,233,1 588,167,623,189,1 348,72,369,94,1 723,1,747,12,1
F:\yolov4-tf2-master/VOCdevkit/VOC2007/JPEGImages/2763.png 346,329,373,344,1 260,166,305,202,1 258,131,315,164,1 239,122,259,152,1 261,86,306,130,1 313,121,344,170,1 354,116,394,171,1 399,102,438,153,1 393,151,449,202,1 473,129,529,173,1 536,110,581,170,1 772,88,793,160,1 784,352,806,410,1
F:\yolov4-tf2-master/VOCdevkit/VOC2007/JPEGImages/2764.png 44,651,89,681,1 231,564,335,590,1 69,719,93,760,1 116,706,156,767,1 181,613,217,644,1 463,513,510,537,1 486,621,528,645,1 722,707,745,729,0 727,589,756,610,0 498,688,516,705,0 384,777,396,798,0
F:\yolov4-tf2-master/VOCdevkit/VOC2007/JPEGImages/2765.png 154,779,170,799,0 698,671,723,685,0 805,674,826,692,0 782,828,837,864,1
F:\yolov4-tf2-master/VOCdevkit/VOC2007/JPEGImages/2766.png 250,514,276,543,1 259,542,286,568,1 545,706,577,741,1 559,801,606,827,1 560,826,621,851,1 737,606,775,639,1 773,596,823,624,1 793,623,808,665,1 687,558,715,577,1 761,530,782,555,1 484,677,503,695,1
F:\yolov4-tf2-master/VOCdevkit/VOC2007/JPEGImages/2767.png 367,452,422,500,1 400,427,455,452,1 426,395,460,427,1 295,276,350,304,1 291,305,331,331,1 464,210,531,240,1 500,170,550,214,1 831,1,864,44,1 693,259,764,309,1 719,310,764,353,1 629,361,674,405,1 659,310,704,359,1 30,180,118,206,1
F:\yolov4-tf2-master/VOCdevkit/VOC2007/JPEGImages/2768.png 37,327,81,374,1 2,322,36,393,1 194,505,256,535,1 227,463,256,505,1 524,213,558,252,1 545,526,595,559,1 589,558,639,576,1 768,360,819,395,1 773,335,828,361,1 779,394,809,419,1 293,606,308,622,0 345,671,366,686,0 403,36,459,70,1 450,2,502,36,1 817,1,854,32,1 836,34,864,64,1
F:\yolov4-tf2-master/VOCdevkit/VOC2007/JPEGImages/2769.png 170,322,223,363,1 164,363,207,402,1 160,401,211,444,1 164,444,205,494,1 415,517,470,561,1 413,562,464,586,1 547,297,583,317,1 586,274,621,315,1 527,210,573,238,1 573,209,598,230,1 1,39,57,84,1 71,1,114,21,1 190,82,207,101,0 155,19,178,40,0 467,602,485,626,0
F:\yolov4-tf2-master/VOCdevkit/VOC2007/JPEGImages/2770.png 288,187,310,201,0 317,183,333,202,0 353,199,366,222,0 431,135,473,158,1 450,99,493,134,1 744,361,787,402,1 789,352,827,399,1 39,364,63,387,1 108,219,139,263,1 77,187,110,220,1 32,170,76,197,1 80,374,114,416,1 42,392,80,417,1
F:\yolov4-tf2-master/VOCdevkit/VOC2007/JPEGImages/2771.png 247,214,301,236,1 264,189,302,214,1 267,68,304,90,1 222,62,265,92,1 805,183,843,208,1 823,146,848,184,1 239,256,261,275,1 186,302,206,319,1 290,341,315,360,1 240,292,262,308,1 429,355,460,423,1 453,184,482,229,1 600,174,619,194,1 478,114,500,134,0 747,106,764,124,0 224,110,239,124,0 307,161,324,177,0
F:\yolov4-tf2-master/VOCdevkit/VOC2007/JPEGImages/2772.png 308,166,336,199,1 175,353,217,374,1 218,348,261,372,1 224,372,266,403,1 727,364,756,410,1 667,86,695,144,1 671,23,701,85,1
F:\yolov4-tf2-master/VOCdevkit/VOC2007/JPEGImages/2773.png 754,766,779,801,1 780,764,799,802,1 423,531,450,561,1
F:\yolov4-tf2-master/VOCdevkit/VOC2007/JPEGImages/2774.png 84,529,123,572,1 662,787,696,827,1 696,506,720,522,0
F:\yolov4-tf2-master/VOCdevkit/VOC2007/JPEGImages/2775.png 23,558,70,588,1 52,533,77,561,1 71,561,89,588,1 429,512,442,565,1 306,755,337,780,1 343,771,375,809,1 40,617,64,636,1
F:\yolov4-tf2-master/VOCdevkit/VOC2007/JPEGImages/2776.png 386,498,441,537,1 639,304,664,327,3 701,106,738,136,1 736,92,766,112,1 348,89,378,130,1 138,275,186,309,1 593,174,612,197,1
F:\yolov4-tf2-master/VOCdevkit/VOC2007/JPEGImages/2777.png 40,358,95,385,1 56,319,109,356,1 487,591,520,640,1 423,473,446,494,1
F:\yolov4-tf2-master/VOCdevkit/VOC2007/JPEGImages/2778.png 364,319,409,346,1 371,273,407,318,1 432,301,453,318,1 470,94,486,115,1 506,25,562,46,1 514,1,572,26,1 532,304,557,327,1 670,264,704,322,1 779,511,831,544,1 230,562,287,608,1 669,670,683,693,1
F:\yolov4-tf2-master/VOCdevkit/VOC2007/JPEGImages/2779.png 424,121,462,174,1 568,67,585,83,1
F:\yolov4-tf2-master/VOCdevkit/VOC2007/JPEGImages/2780.png 271,197,303,227,1 281,154,311,197,1 174,81,186,100,1 714,108,736,119,1 602,289,629,333,1 787,301,827,332,1 432,334,455,352,1 518,150,544,171,1 461,151,477,175,1
F:\yolov4-tf2-master/VOCdevkit/VOC2007/JPEGImages/2781.png 57,151,80,190,1 81,159,105,191,1 161,377,212,430,1 702,321,735,397,1 576,352,642,412,1 642,365,690,410,1 693,171,718,200,1 681,1,715,20,1
F:\yolov4-tf2-master/VOCdevkit/VOC2007/JPEGImages/2782.png 155,749,176,780,3 32,539,53,622,1 621,626,643,644,1 494,768,522,788,1 131,503,180,547,1 181,501,231,551,1
F:\yolov4-tf2-master/VOCdevkit/VOC2007/JPEGImages/2783.png 46,629,95,678,2 317,752,357,787,1 339,732,389,753,1 45,715,89,761,1 66,821,104,852,1 601,538,620,561,1
F:\yolov4-tf2-master/VOCdevkit/VOC2007/JPEGImages/2784.png 428,576,465,606,1 423,546,446,576,1 688,574,752,593,1 672,524,714,568,1 725,524,775,549,1 306,789,361,850,1 358,742,407,793,1 148,762,264,788,1 472,738,497,793,1 440,713,485,736,1
